epoch:0 0.267  0.5091  0.2436  0.0018  0.1745  0.4085  0.202  0.3393  0.3533  0.001  0.2688  0.5189  0.8726  0.001
epoch:1 0.2683  0.51  0.2502  0.0025  0.1775  0.4102  0.2031  0.3421  0.3556  0.0016  0.2727  0.5183  0.8908  0.001
epoch:2 0.2689  0.509  0.2516  0.002  0.1731  0.414  0.2036  0.3432  0.3574  0.0012  0.2641  0.527  0.8798  0.001
epoch:3 0.2667  0.5077  0.2495  0.0018  0.1764  0.4091  0.2021  0.3422  0.356  0.001  0.2748  0.5213  0.8934  0.001
epoch:4 0.269  0.508  0.2485  0.0048  0.1766  0.4135  0.2055  0.3452  0.3599  0.0039  0.2735  0.5266  0.8869  0.001
epoch:5 0.2705  0.5082  0.2572  0.0018  0.1812  0.4115  0.2065  0.346  0.3586  0.001  0.2764  0.5232  0.8759  0.0008
epoch:6 0.2678  0.5093  0.2546  0.002  0.1756  0.4083  0.2037  0.3423  0.3557  0.0011  0.2616  0.5211  0.8782  0.0008
epoch:7 0.2705  0.513  0.2511  0.0068  0.1758  0.4137  0.2046  0.3442  0.3583  0.0058  0.2672  0.5241  0.8687  0.0008
epoch:8 0.2688  0.5102  0.2469  0.0064  0.1751  0.4095  0.205  0.3422  0.3558  0.0055  0.2671  0.5208  0.8701  0.0008
epoch:9 0.2666  0.5084  0.2523  0.0022  0.175  0.4073  0.2023  0.3427  0.3557  0.0013  0.2707  0.5204  0.8696  0.0008
epoch:10 0.2704  0.5086  0.2579  0.002  0.1771  0.4142  0.2058  0.3434  0.3565  0.0011  0.268  0.5218  0.8684  0.00064
epoch:11 0.2694  0.511  0.2532  0.0022  0.1755  0.4114  0.2061  0.3429  0.3565  0.0013  0.2731  0.5216  0.8705  0.00064
epoch:12 0.2693  0.5118  0.2555  0.0022  0.1763  0.413  0.2038  0.341  0.3557  0.0013  0.2734  0.5218  0.8659  0.00064
epoch:13 0.2715  0.5112  0.2581  0.0019  0.1784  0.4117  0.204  0.3428  0.3569  0.0011  0.2708  0.5224  0.8545  0.00064
epoch:14 0.2701  0.5103  0.2552  0.0021  0.1778  0.4104  0.2045  0.3432  0.3557  0.0012  0.2658  0.5215  0.857  0.00064
epoch:15 0.2701  0.5075  0.2618  0.002  0.1782  0.4108  0.2052  0.3439  0.3577  0.0012  0.2682  0.5266  0.8696  0.000512
epoch:16 0.2701  0.5123  0.2565  0.0022  0.1789  0.4116  0.2051  0.343  0.3567  0.0013  0.2722  0.5226  0.8562  0.000512
epoch:17 0.269  0.5122  0.2544  0.0021  0.177  0.4097  0.2036  0.3418  0.3555  0.0012  0.2681  0.5206  0.8525  0.000512
epoch:18 0.271  0.5142  0.2574  0.002  0.1779  0.4117  0.2057  0.3419  0.3554  0.0012  0.2721  0.5179  0.8499  0.000512
epoch:19 0.2695  0.5132  0.2518  0.0022  0.1806  0.4122  0.2047  0.3425  0.3558  0.0013  0.2725  0.5205  0.8642  0.000512
epoch:20 0.2704  0.5113  0.2498  0.0022  0.1793  0.4111  0.2055  0.3453  0.3586  0.0012  0.2752  0.5235  0.854  0.00041
epoch:21 0.2695  0.512  0.2546  0.0022  0.178  0.409  0.2058  0.3429  0.3568  0.0013  0.2714  0.5215  0.841  0.00041
epoch:22 0.2699  0.5115  0.2573  0.0022  0.1779  0.4117  0.2052  0.3433  0.357  0.0013  0.2707  0.5244  0.8391  0.00041
epoch:23 0.2682  0.5072  0.2513  0.002  0.179  0.4092  0.2059  0.3457  0.3599  0.0012  0.2762  0.5247  0.8518  0.00041
epoch:24 0.2692  0.5105  0.2549  0.002  0.1782  0.411  0.2046  0.3425  0.3558  0.0012  0.2722  0.52  0.8449  0.00041
epoch:25 0.2705  0.5105  0.2555  0.0022  0.1799  0.4122  0.2071  0.3477  0.3606  0.0013  0.277  0.5261  0.8478  0.000328
epoch:26 0.2702  0.5128  0.2557  0.0021  0.1794  0.413  0.2065  0.3448  0.3581  0.0012  0.2737  0.5242  0.8514  0.000328
epoch:27 0.2698  0.511  0.2536  0.0021  0.1802  0.4116  0.206  0.3444  0.3577  0.0012  0.277  0.5214  0.8425  0.000328
epoch:28 0.2701  0.5121  0.2554  0.002  0.1783  0.4134  0.205  0.3429  0.3558  0.0012  0.2689  0.5223  0.8416  0.000328